%YAML:1.0
image_width: 640
image_height: 480
camera_matrix: !!opencv-matrix
   rows: 3
   cols: 3
   dt: d
   data: [ 4.8187622620622250e+02, 0., 3.1915970666167573e+02, 0.,
       4.8371371243616960e+02, 2.3086514478384808e+02, 0., 0., 1. ]
distortion_coefficients: !!opencv-matrix
   rows: 1
   cols: 5
   dt: d
   data: [ -1.3926106276222613e-01, 1.7915542188415909e-01,
       -1.9489453790575385e-03, 9.1481210389860476e-04,
       -9.2090590034280231e-02 ]
